value : 4963.66
0,62,50,65,20,12,15,8,67,54,2,18,4,39,64,9,21,7,58,61,53,57,59,13,17,49,6,51,5,45,46,1,47,43,44,25,73,48,3,60,11,38,70,71,26,74,42,40,41,33,34,35,36,37,72,32,27,29,30,28,31,16,63,66,52,69,23,56,68,22,55,19,14,10,24,
0 1142 1103.51
62 1129.23 1114.45
50 1054.56 1114.08
65 1004.2 1107.84
20 954.006 1101.62
12 907.43 1090.78
15 839.703 1075.01
8 835.979 1074.15
67 828.411 1072.39
54 746.312 1053.28
2 712.351 1036.88
18 654.558 1008.98
4 625.942 995.162
39 562.351 964.458
64 528.682 945.915
9 489.133 924.13
21 495.857 902.812
7 741.14 711.424
58 811.763 656.319
61 828.704 611.167
53 786.197 609.597
57 738.935 607.849
59 685.939 605.892
13 636.266 615.137
17 581.556 628.075
49 519.268 621.199
6 474.675 616.274
51 430.726 610.771
5 331.707 601.85
45 334.862 665.621
46 338.621 741.625
1 342.169 813.532
47 342.238 814.92
43 343.871 847.971
44 303.919 803.001
25 261.593 755.361
73 247.823 739.859
48 241.788 733.066
3 210.649 698.014
60 176.396 594.664
11 77.4822 605.554
38 40.9806 553.524
70 8.50249 445.711
71 4.98279 294.173
26 17.3935 143.012
74 26.6899 29.7934
42 29.1681 29.8626
40 144.641 33.0827
41 282.622 36.9307
33 413.516 40.583
34 523.917 43.6634
35 637.194 46.8219
36 772.966 50.6077
37 889.702 53.8638
72 977.622 66.0052
32 991.403 67.908
27 994.311 136.813
29 999.159 251.756
30 1003.77 361.229
28 1008.73 478.683
31 1012.01 556.495
16 977.671 599.121
63 1002.68 654.939
66 1028.12 679.265
52 1040.59 717.737
69 1051.09 731.999
23 1062.2 747.073
56 1063.6 792.339
68 1073.77 831.705
22 1081.45 861.397
55 1092.92 905.739
19 1102.45 942.617
14 1105.28 953.55
10 1116.6 997.338
24 1124.15 1026.53
