value : 4778.91
0,62,50,65,20,12,67,8,15,54,2,4,18,64,39,9,21,7,58,61,53,57,59,13,17,49,51,6,46,47,1,43,44,25,48,73,3,45,5,60,11,38,70,71,26,42,74,40,41,33,34,35,36,37,72,32,27,29,30,28,31,16,63,66,69,52,23,56,22,68,55,14,19,10,24,
0 1132.72 1099.73
62 1126.49 1104.81
50 1055.33 1104.11
65 1004.49 1097.81
20 955.749 1091.77
12 913.047 1081.84
67 848.457 1066.83
8 841.372 1065.18
15 804.814 1056.68
54 749.643 1043.85
2 712.317 1025.81
4 671.184 1005.93
18 650.248 995.814
64 592.05 967.692
39 566.112 955.155
9 498.767 921.312
21 503.683 909.068
7 723.245 719.625
58 804.097 649.871
61 819.86 615.911
53 771.573 615.942
57 727.286 615.97
59 683.522 615.997
13 636.681 616.941
17 584.055 618
49 517.786 616.527
51 458.363 615.206
6 427.811 662.241
46 382.066 732.658
47 375.627 752.093
1 361.556 794.578
43 347.744 836.283
44 311.114 798.793
25 273.547 760.343
48 258.232 744.666
73 240.053 726.058
3 225.535 711.197
45 264.049 640.832
5 266.612 606.199
60 191.863 602.858
11 84.8878 598.075
38 49.899 548.998
70 18.3827 444.167
71 14.985 294.226
26 25.2937 151.023
42 33.1502 41.8383
74 33.4883 37.1286
40 151.481 40.815
41 286.995 45.0479
33 413.119 48.9879
34 523.439 52.4345
35 635.935 55.9489
36 769.095 60.1088
37 889.336 63.8656
72 964.572 72.6013
32 984.23 74.8817
27 986.938 154.799
29 990.308 254.143
30 993.805 357.212
28 997.444 464.518
31 1000.7 560.646
16 987.997 593.441
63 1011.7 650.818
66 1022.26 676.368
69 1033.24 702.921
52 1042.47 725.256
23 1052.36 749.187
56 1061.29 788.122
22 1071.07 830.803
68 1076.47 854.338
55 1086.51 898.139
14 1095.24 936.198
19 1102.24 966.765
10 1110.8 1004.1
24 1118.82 1039.07
