value : 5204.78
0,24,10,19,14,55,22,68,56,23,69,66,52,63,58,7,17,6,51,49,13,59,57,53,61,16,31,28,30,29,27,32,72,37,36,35,34,33,41,40,74,42,26,71,70,38,11,60,5,45,3,73,25,48,46,47,44,1,43,21,9,64,39,4,18,2,54,15,67,8,12,20,65,50,62,
0 1151.49 1106.66
24 1135.23 1028.36
10 1114.97 996.854
19 1101.97 959.561
14 1107.05 938.734
55 1095.32 907.108
22 1080.84 862.949
68 1083.96 835.518
56 1053.57 792.919
23 1070.04 735.458
69 1060.14 710.421
66 1050.35 685.646
52 1001.23 706.238
63 962.275 700.563
58 842.016 683.03
7 724.539 665.903
17 588.456 646.059
6 486.974 631.264
51 461.234 585.553
49 518.051 582.985
13 613.716 578.661
59 678.587 575.73
57 736.629 573.109
53 793.651 570.534
61 861.699 567.46
16 935.05 564.145
31 1026.69 550.114
28 1022.8 482.139
30 1015.85 360.507
29 1009.87 255.687
27 1003.15 138.098
32 998.747 61.1201
72 982.705 58.5713
37 890.236 43.8724
36 771.069 40.6536
35 637.755 37.0526
34 524.251 33.9895
33 414.017 31.4527
41 285.839 28.5061
40 149.181 25.3655
74 19.962 22.3946
42 19.7482 24.7179
26 8.99036 141.705
71 -5.01735 294.02
70 -1.3746 447.274
38 31.9262 557.772
11 72.2692 614.197
60 200.116 590.925
5 282.72 594.146
45 284.327 643.415
3 205.915 715.741
73 222.967 727.27
25 238.944 738.071
48 247.901 737.544
46 317.138 733.483
47 320.002 777.343
44 318.806 805.739
1 359.675 844.506
43 377.329 861.25
21 446.852 904.422
9 468.909 918.115
64 532.814 957.795
39 558.447 973.708
4 625.075 1005.84
18 649.828 1017.78
2 708.549 1046.1
54 742.981 1062.71
15 802.481 1076.58
67 835.102 1084.18
8 850.051 1087.66
12 912.439 1102.2
20 951.913 1111.4
65 1015.1 1117.75
50 1054.38 1124.09
62 1132.23 1124
