value : 5339.75
0,62,50,65,20,12,67,8,15,54,2,18,4,39,64,9,21,43,1,47,44,48,25,3,73,45,46,6,49,51,5,60,11,38,70,71,26,74,42,40,41,33,34,35,36,37,72,32,27,29,30,28,31,16,61,53,57,59,13,17,7,58,63,52,66,69,23,56,68,22,55,14,19,10,24,
0 1156.26 1108.16
62 1133.83 1128.74
50 1056.64 1129.43
65 1014.9 1112.66
20 949.467 1116.12
12 911.11 1106.3
67 840.952 1090.23
8 837.75 1089.5
15 802.71 1081.48
54 741.27 1067.41
2 709.03 1051.87
18 648.135 1022.52
4 624.771 1011.25
39 556.367 978.273
64 531.008 961.472
9 467.825 919.646
21 448.659 900.478
43 375.892 866.57
1 358.676 836.72
47 336.272 797.894
44 300.089 793.711
48 256.936 762.303
25 239.055 749.3
3 200.763 721.435
73 226.712 711.872
45 313.089 679.976
46 335.37 686.053
6 455.237 635.824
49 485.951 599.682
51 433.572 595.959
5 303.425 590.324
60 200.514 585.873
11 69.6035 618.527
38 27.4212 559.941
70 -6.31204 448.062
71 -10.0166 293.908
26 4.76535 141.189
74 16.6119 18.6829
42 18.8981 18.731
40 150.627 21.3966
41 286.713 24.1411
33 414.391 26.737
34 524.407 28.9875
35 636.898 32.0233
36 770.38 35.6331
37 890.599 38.8844
72 984.839 54.6405
32 1002.34 57.6428
27 1006.87 137.374
29 1013.58 255.713
30 1019.51 360.169
28 1026.44 482.196
31 1030.48 553.376
16 934.884 569.195
61 862.402 575.501
53 795.392 581.327
57 739.496 586.181
59 685.756 590.847
13 641.85 596.813
17 606.444 656.987
7 725.632 672.123
58 843.793 687.13
63 965.494 702.591
52 1001.52 711.244
66 1053.8 681.618
69 1064.28 707.316
23 1075 733.635
56 1048.57 793.395
68 1088.56 833.266
22 1076 866.447
55 1089.29 905.674
14 1112.02 937.949
19 1096.89 963.32
10 1109.1 996.59
24 1140.89 1028.68
