value : 5073.63
0,62,50,65,20,12,15,67,8,2,54,4,18,39,64,9,21,7,58,61,53,57,59,13,17,49,6,51,5,45,46,47,1,43,44,48,73,25,3,60,11,38,70,71,26,42,74,40,41,33,34,35,36,37,72,32,27,29,30,28,31,16,63,66,52,69,23,56,68,22,55,14,19,10,24,
0 1146.73 1105.13
62 1130.69 1119.24
50 1054.2 1119.07
65 1013.16 1113.98
20 953.131 1106.54
12 911.818 1096.92
15 834.996 1079.03
67 833.649 1078.72
8 832.168 1078.37
2 745.17 1058.12
54 744.646 1057.99
4 654.146 1014.32
18 649.91 1012.27
39 560.279 969.016
64 532.425 953.146
9 484.41 925.786
21 491.828 899.848
7 744.701 710.222
58 815.882 659.158
61 833.029 608.639
53 789.297 606.357
57 738.391 603.7
59 685.251 600.928
13 637.773 609.608
17 579.28 633.32
49 505.122 624.784
6 477.463 621.805
51 428.084 605.31
5 328.698 597.799
45 332.819 655.523
46 336.91 712.829
47 341.357 775.118
1 345.044 826.763
43 345.807 852.582
44 302.512 805.49
48 259.887 759.129
73 244.432 742.317
25 241.449 739.072
3 206.811 701.396
60 179.047 590.424
11 74.2771 609.616
38 36.4838 555.71
70 3.56343 446.489
71 -0.0175704 294.109
26 13.1967 142.345
42 23.1103 28.4809
74 23.3175 26.1016
40 152.191 29.4129
41 290.456 32.9672
33 413.876 36.1431
34 524.078 38.9755
35 636.196 42.0074
36 769.527 45.6114
37 889.953 48.8671
72 981.859 62.5043
32 995.024 64.4575
27 998.392 138.414
29 1003.8 257.165
30 1008.53 360.951
28 1014.04 482.047
31 1017.42 556.222
16 972.375 600.584
63 996.249 654.848
66 1032.23 676.4
52 1035.45 718.748
69 1052.53 730.833
23 1066.71 744.819
56 1058.69 793.327
68 1079.88 839.31
22 1084.3 858.526
55 1096.03 909.468
14 1104.09 944.509
19 1105.77 951.803
10 1120.91 999.8
24 1129.19 1026.06
