value : 4869.81
0,24,10,19,55,14,68,22,56,23,69,52,66,63,16,31,28,30,29,27,32,72,37,36,35,34,33,41,40,42,74,26,71,70,38,11,60,3,25,73,48,44,43,47,1,46,45,5,51,6,49,17,13,59,57,61,53,58,7,21,9,64,39,18,4,2,54,8,15,67,12,20,65,50,62,
0 1137.36 1101.62
24 1120.36 1026.44
10 1114.42 1000.18
19 1104.93 958.243
55 1099.51 934.298
14 1098.18 928.405
68 1080.37 849.642
22 1078.55 841.618
56 1066.61 788.809
23 1057.65 749.214
69 1045.89 725.916
52 1037.89 710.073
66 1022.31 679.214
63 1010.17 657.727
16 982.916 596.75
31 1006.42 557.772
28 1003.37 477.873
30 998.903 361.289
29 994.795 253.981
27 990.528 142.575
32 987.805 71.3828
72 973.337 69.5411
37 889.492 58.863
36 770.739 55.3585
35 636.507 51.3921
34 523.806 48.0645
33 413.796 44.8103
41 287.182 41.0679
40 152.833 37.0971
42 32.981 33.5533
74 30.0819 33.4676
26 21.4807 145.091
71 9.98363 294.213
70 13.4423 444.937
38 45.449 551.28
11 81.0845 601.731
60 173.74 598.9
3 214.206 694.223
25 246.514 731.663
73 252.531 738.637
48 270.098 758.995
44 307.02 801.779
43 342.656 843.073
47 341.728 813.641
1 341.504 806.529
46 339.404 739.606
45 337.221 670.099
5 335.188 605.439
51 424.775 611.791
6 472.375 615.169
49 514.327 618.145
17 582.95 623.012
13 631.914 617.234
59 685.213 610.946
57 753.331 612.25
61 824.327 613.613
53 822.544 617.902
58 807.878 653.164
7 736.576 711.649
21 499.842 905.839
9 493.915 922.625
64 531.452 942.473
39 564.305 959.841
18 654.647 1003.48
4 661.73 1006.9
2 713.618 1031.97
54 747.976 1048.57
8 835.612 1068.95
15 838.989 1069.74
67 845.102 1071.16
12 911.58 1086.62
20 954.876 1096.69
65 1008.11 1103.29
50 1054.95 1109.1
62 1127.78 1109.65
